Listening to port 4567
Connected!!!
2
42["telemetry",{"ptsx":[-32.16173,-43.49173,-61.09,-78.29172,-93.05002,-107.7717],"ptsy":[113.361,105.941,92.88499,78.73102,65.34102,50.57938],"psi_unity":4.120315,"psi":3.733667,"x":-40.62008,"y":108.7301,"steering_angle":0,"throttle":0,"speed":7.817726E-06}]

******************************************************************************
This program contains Ipopt, a library for large-scale nonlinear optimization.
 Ipopt is released as open source code under the Eclipse Public License (EPL).
         For more information visit http://projects.coin-or.org/Ipopt
******************************************************************************

Cost 10040.9
mpc_xy: [( -9.60304, 0.877814)( -9.60563, 0.87607)( -9.61082, 0.872582)( -9.6186, 0.867354)( -9.62899, 0.860391)( -9.64197, 0.8517)( -9.65757, 0.841292)( -9.67578, 0.829176)( -9.69663, 0.815368)( -9.7201, 0.799881)( -9.74623, 0.782733)( -9.77502, 0.763945)( -9.80648, 0.743536)( -9.84063, 0.721531)( -9.87749, 0.697956)( -9.91706, 0.672839)( -9.95938, 0.646209)( -10.0045, 0.618098)( -10.0523, 0.588542)( -10.103, 0.557576)( -10.1565, 0.525239)( -10.2128, 0.491572)( -10.272, 0.45662)( -10.3341, 0.420371)]
next_xy: [( -9.60304, 0.877815)( 3.9394, 0.711732)( 25.8285, 1.72411)( 48.0013, 3.86886)( 67.7203, 6.74332)( 88.1744, 10.7764)]
  -9.60304
  0.877814
   3.73367
 0.0250078
-0.0283531
   3.75776
42["steer",{"mpc_x":[0.0,-9.60303993443738,-9.60563382300176,-9.6108212402113,-9.61860409550783,-9.62898630304285,-9.64197274323136,-9.65756961131646,-9.67578440565525,-9.6966259134284,-9.72010419375792,-9.74623055821353,-9.77501754868542,-9.80647891259817,-9.84062957543843,-9.87748561056605,-9.91706420627616,-9.95938363007733,-10.0044631901489,-10.0523231939387,-10.1029849038596,-10.1564704900437,-10.2128029801078,-10.2720062058441,-10.3340719577583],"mpc_y":[0.0,0.877814425968822,0.876069869680311,0.872581973072831,0.867353577434172,0.860390516782464,0.851700087590715,0.841291586855426,0.829176319872111,0.815367609656079,0.799880807984656,0.782733308030695,0.763944558552571,0.743536079601069,0.721531479698774,0.697956474442675,0.672838906475787,0.646208766768535,0.618098217145564,0.588541613988452,0.557575533039491,0.525238795226186,0.491572493419938,0.456620019964258,0.42037089510034],"next_x":[-9.6030391235586,3.93940218401929,25.8285227957932,48.0013455840177,67.7202965409494,88.1743504075747],"next_y":[0.877814971336792,0.711732368973017,1.72410727789511,3.86886071857114,6.74331580573528,10.7763739423343],"steering_angle":-0.0552278460341303,"throttle":0.2}]
42["telemetry",{"ptsx":[-32.16173,-43.49173,-61.09,-78.29172,-93.05002,-107.7717],"ptsy":[113.361,105.941,92.88499,78.73102,65.34102,50.57938],"psi_unity":4.120315,"psi":3.733667,"x":-40.62008,"y":108.7301,"steering_angle":0,"throttle":0,"speed":1.337001E-06}]
Cost 10040.9
mpc_xy: [( -9.60304, 0.877815)( -9.60563, 0.876071)( -9.61082, 0.872583)( -9.6186, 0.867355)( -9.62898, 0.860393)( -9.64197, 0.851703)( -9.65756, 0.841295)( -9.67578, 0.82918)( -9.69662, 0.815372)( -9.7201, 0.799885)( -9.74622, 0.782738)( -9.77501, 0.76395)( -9.80647, 0.743542)( -9.84062, 0.721538)( -9.87748, 0.697963)( -9.91705, 0.672846)( -9.95937, 0.646216)( -10.0045, 0.618106)( -10.0523, 0.58855)( -10.103, 0.557584)( -10.1565, 0.525248)( -10.2128, 0.491582)( -10.272, 0.456629)( -10.3341, 0.420381)]
next_xy: [( -9.60304, 0.877815)( 3.9394, 0.711732)( 25.8285, 1.72411)( 48.0013, 3.86886)( 67.7203, 6.74332)( 88.1744, 10.7764)]
  -9.60304
  0.877815
   3.73367
 0.0250013
-0.0283531
   3.75776
42["steer",{"mpc_x":[0.0,-9.60303926223649,-9.60563247857074,-9.61081922325414,-9.61860140523566,-9.62898293835987,-9.6419687026996,-9.65756489315854,-9.67577900775775,-9.69661983334587,-9.72009742871762,-9.74622310512084,-9.77500940412989,-9.8064700728603,-9.84062003649717,-9.87747536810697,-9.91705325570032,-9.95937196651095,-10.0044508084537,-10.0523100887231,-10.1029710694903,-10.1564559206586,-10.2127876696295,-10.2719901479938,-10.3340551457447],"mpc_y":[0.0,0.87781487806702,0.876070773833237,0.872583328840232,0.867355383641559,0.86039277179419,0.851702789253404,0.841294732496166,0.829179906296219,0.815371633144452,0.799885264290696,0.782738192376829,0.763949865626372,0.743541803550996,0.721537614129521,0.697963012410177,0.672845840481864,0.646216088755209,0.618105918489064,0.588549685492925,0.557583964930431,0.525247577143616,0.491581614411355,0.45662946847736,0.420380658610015],"next_x":[-9.6030391235586,3.93940218401929,25.8285227957932,48.0013455840177,67.7202965409494,88.1743504075747],"next_y":[0.877814971336792,0.711732368973017,1.72410727789511,3.86886071857114,6.74331580573528,10.7763739423343],"steering_angle":-0.0552028901071724,"throttle":0.2}]
42["telemetry",{"ptsx":[-32.16173,-43.49173,-61.09,-78.29172,-93.05002,-107.7717],"ptsy":[113.361,105.941,92.88499,78.73102,65.34102,50.57938],"psi_unity":4.119948,"psi":3.734033,"x":-40.63232,"y":108.7216,"steering_angle":-0.0240977,"throttle":0.2,"speed":0.3666677}]
Cost 9679.6
mpc_xy: [( -9.65564, 0.85552)( -9.69636, 0.828335)( -9.73979, 0.799587)( -9.78596, 0.769312)( -9.83488, 0.737542)( -9.88658, 0.704317)( -9.94109, 0.669676)( -9.99842, 0.633661)( -10.0586, 0.596316)( -10.1217, 0.557687)( -10.1877, 0.517825)( -10.2566, 0.47678)( -10.3284, 0.434605)( -10.4033, 0.391358)( -10.4812, 0.347097)( -10.5621, 0.301883)( -10.6461, 0.25578)( -10.7333, 0.208855)( -10.8235, 0.161176)( -10.917, 0.112815)( -11.0136, 0.0638465)( -11.1135, 0.0143475)( -11.2166, -0.0356022)( -11.323, -0.08592)]
next_xy: [( -9.61762, 0.881113)( 3.92476, 0.710074)( 25.8143, 1.71444)( 47.9879, 3.85108)( 67.7079, 6.71831)( 88.1634, 10.7439)]
  -9.65564
   0.85552
   3.73029
  0.391668
-0.0282721
   3.75475
42["steer",{"mpc_x":[0.0,-9.65564010247288,-9.69635718452289,-9.739788570105,-9.7859550964141,-9.83487862727313,-9.88658200754495,-9.94108901459787,-9.99842430677799,-10.0586133688398,-10.121682454286,-10.1876585245661,-10.2565691850828,-10.3284426179562,-10.4033075114934,-10.481192986313,-10.5621285180754,-10.6461438567673,-10.7332689424943,-10.8235338177338,-10.9169685360036,-11.0136030669039,-11.1134671974927,-11.216590429958,-11.3230018755145],"mpc_y":[0.0,0.855520032901079,0.82833455341361,0.799587347551347,0.769311511777481,0.737542327836561,0.704317289429767,0.669676129930975,0.633660851055524,0.596315752388042,0.557687461669999,0.51782496574187,0.476779642028887,0.434605290453387,0.391358165650625,0.347097009358732,0.301883082847189,0.255780199241769,0.208854755597406,0.161175764563823,0.112814885482108,0.0638464547435413,0.0143475152349163,-0.035602155313157,-0.0859200173434945],"next_x":[-9.61761755607561,3.92476205822555,25.8142517331183,47.9878580159933,67.7078597027275,88.1633882986263],"next_y":[0.881112849280016,0.710073724632207,1.71443714778241,3.85107519184783,6.71831295059761,10.7438846335224],"steering_angle":-0.218166,"throttle":0.2}]
42["telemetry",{"ptsx":[-32.16173,-43.49173,-61.09,-78.29172,-93.05002,-107.7717],"ptsy":[113.361,105.941,92.88499,78.73102,65.34102,50.57938],"psi_unity":4.11968,"psi":3.734302,"x":-40.66128,"y":108.7016,"steering_angle":-0.02408681,"throttle":0.2,"speed":0.7046188}]
Cost 9355.65
mpc_xy: [( -9.72563, 0.834088)( -9.80164, 0.783687)( -9.88064, 0.732146)( -9.96267, 0.679529)( -10.0478, 0.6259)( -10.1359, 0.571328)( -10.2272, 0.515883)( -10.3217, 0.459639)( -10.4194, 0.402671)( -10.5203, 0.345059)( -10.6245, 0.286884)( -10.732, 0.228231)( -10.8428, 0.169187)( -10.957, 0.109842)( -11.0746, 0.0502902)( -11.1957, -0.0093731)( -11.3202, -0.0690487)( -11.4482, -0.128634)( -11.5798, -0.188025)( -11.7149, -0.247113)( -11.8535, -0.305786)( -11.9958, -0.363931)( -12.1417, -0.42143)( -12.2913, -0.478163)]
next_xy: [( -9.65257, 0.883289)( 3.88976, 0.708607)( 25.7795, 1.70708)( 47.9537, 3.83776)( 67.6745, 6.69969)( 88.1311, 10.7198)]
  -9.72563
  0.834088
   3.72711
  0.729619
-0.0282124
   3.75183
42["steer",{"mpc_x":[0.0,-9.72562671365934,-9.80163739298658,-9.88063881586925,-9.96266548211894,-10.047752224635,-10.1359341223152,-10.2272464093229,-10.3217243806547,-10.419403293961,-10.5203182675687,-10.6245041746621,-10.731995533581,-10.8428263941987,-10.9570302203477,-11.074639768266,-11.1956869610427,-11.3202027590475,-11.4482170263355,-11.5797583930275,-11.7148541136707,-11.8535299215969,-11.9958098793025,-12.1417162248835,-12.2912692145702],"mpc_y":[0.0,0.834087791672968,0.78368694542796,0.732146435152635,0.679529074559672,0.625900260414196,0.57132801033307,0.515883000191686,0.459638600969624,0.402670914859503,0.345058810456221,0.286883956836611,0.228230856332255,0.169186875790932,0.109842276114827,0.0502902398562675,-0.00937310335557911,-0.0690486537909735,-0.128634321240045,-0.188025007525875,-0.247112592165854,-0.305785921444023,-0.363930801164131,-0.42142999336031,-0.478163217252714],"next_x":[-9.65257269466388,3.88976042014324,25.7795194768209,47.9536997130706,67.6744719732731,88.1310827078503],"next_y":[0.883288705197349,0.708606686665509,1.70708180082581,3.83775506756844,6.69968804219037,10.7197570423421],"steering_angle":-0.218166,"throttle":0.2}]
42["telemetry",{"ptsx":[-32.16173,-43.49173,-61.09,-78.29172,-93.05002,-107.7717],"ptsy":[113.361,105.941,92.88499,78.73102,65.34102,50.57938],"psi_unity":4.117478,"psi":3.736503,"x":-40.72197,"y":108.6559,"steering_angle":-0.09519287,"throttle":0.2,"speed":1.121789}]
Cost 8967.47
mpc_xy: [( -9.84261, 0.82211)( -9.96225, 0.743138)( -10.0854, 0.663882)( -10.2122, 0.584446)( -10.3426, 0.504939)( -10.4767, 0.425471)( -10.6144, 0.346159)( -10.756, 0.267119)( -10.9013, 0.188473)( -11.0504, 0.110345)( -11.2033, 0.0328637)( -11.3602, -0.0438394)( -11.521, -0.11963)( -11.6856, -0.194369)( -11.8543, -0.267917)( -12.0269, -0.340127)( -12.2035, -0.410852)( -12.384, -0.47994)( -12.5686, -0.547237)( -12.7572, -0.612586)( -12.9498, -0.675825)( -13.1464, -0.73679)( -13.3471, -0.795316)( -13.5517, -0.851231)]
next_xy: [( -9.72648, 0.900696)( 3.81544, 0.696208)( 25.7073, 1.6465)( 47.8862, 3.72836)( 67.6132, 6.54688)( 88.0786, 10.5219)]
  -9.84261
   0.82211
   3.72505
   1.14679
-0.0284174
   3.75197
42["steer",{"mpc_x":[0.0,-9.84261346675671,-9.96224728793001,-10.0854258861933,-10.2121922606176,-10.3425882776094,-10.4766545211282,-10.6144301383922,-10.755952681082,-10.9012579420573,-11.0503797876177,-11.2033499853468,-11.360198027594,-11.5209509506597,-11.6856331497665,-11.8542661899099,-12.0268686127024,-12.2034557393372,-12.3840394698183,-12.5686280786194,-12.7572260069544,-12.9498336518616,-13.1464471523238,-13.3470581726682,-13.5516536835096],"mpc_y":[0.0,0.822109790481163,0.743137788065374,0.663881521172133,0.584445792075389,0.504938656695937,0.425471452730563,0.346158824287987,0.267118742739645,0.188472523485467,0.110344838327076,0.0328637231333385,-0.0438394195240813,-0.119629823094494,-0.194369365467272,-0.267916583428527,-0.340126693503559,-0.41085161953864,-0.479940027380666,-0.547237367017522,-0.612585922545811,-0.675824870335742,-0.736790345765581,-0.795315518900761,-0.851230679498462],"next_x":[-9.72648043621323,3.81543540154874,25.7073390788144,47.886155212849,67.6131788147976,88.0785881641074],"next_y":[0.900695948453973,0.696207701917055,1.64650107678768,3.72836385132002,6.5468845090701,10.521918807939],"steering_angle":-0.218166,"throttle":0.2}]
42["telemetry",{"ptsx":[-32.16173,-43.49173,-61.09,-78.29172,-93.05002,-107.7717],"ptsy":[113.361,105.941,92.88499,78.73102,65.34102,50.57938],"psi_unity":4.114952,"psi":3.73903,"x":-40.78726,"y":108.6064,"steering_angle":-0.09519287,"throttle":0.2,"speed":1.425991}]
Cost 8691.87
mpc_xy: [( -9.95337, 0.820804)( -10.1048, 0.720971)( -10.2603, 0.621713)( -10.42, 0.523168)( -10.5838, 0.425483)( -10.7519, 0.328804)( -10.9242, 0.233285)( -11.1007, 0.13908)( -11.2816, 0.0463485)( -11.4668, -0.0447457)( -11.6563, -0.134036)( -11.8502, -0.221353)( -12.0484, -0.306522)( -12.251, -0.389367)( -12.4579, -0.469706)( -12.6692, -0.547356)( -12.8849, -0.62213)( -13.1049, -0.693838)( -13.3292, -0.762286)( -13.5577, -0.827279)( -13.7905, -0.888619)( -14.0275, -0.946104)( -14.2687, -0.999531)( -14.5139, -1.0487)]
next_xy: [( -9.806, 0.921074)( 3.73536, 0.682366)( 25.6296, 1.57734)( 47.8136, 3.60315)( 67.5477, 6.37181)( 88.0231, 10.2951)]
  -9.95337
  0.820804
   3.72447
   1.45099
-0.0288545
   3.75391
42["steer",{"mpc_x":[0.0,-9.95337138387582,-10.1047977010726,-10.2603210825066,-10.4199823682959,-10.5838197072948,-10.7518683525656,-10.9241604521602,-11.1007248353375,-11.2815867943592,-11.4667678620302,-11.6562855851673,-11.8501532942035,-12.0483798691579,-12.250969502224,-12.4579214572554,-12.66922982645,-12.8848832845646,-13.1048648410153,-13.3291515902477,-13.5577144607913,-13.79051796344,-14.0275199390308,-14.2686713063254,-14.5139158105269],"mpc_y":[0.0,0.820804002371558,0.720971377196754,0.621712559862375,0.523168191856913,0.425482676546932,0.32880417566731,0.233284598946454,0.13907958647453,0.0463484834167245,-0.0447456933319125,-0.134036296958284,-0.221353101422033,-0.306522361440885,-0.389366882188553,-0.469706099124707,-0.547356168377008,-0.622130068094633,-0.693837711191,-0.762286069890485,-0.827279312489698,-0.888618952738364,-0.946104012238081,-0.999531196249799,-1.04869508329617],"next_x":[-9.80599879926674,3.73535705976685,25.6295922279901,47.81359840974,67.5476814201306,88.0230703271787],"next_y":[0.921073552806407,0.682365574270756,1.57733513326986,3.60314545197821,6.37180697499135,10.2951125477362],"steering_angle":-0.218166,"throttle":0.2}]
42["telemetry",{"ptsx":[-32.16173,-43.49173,-61.09,-78.29172,-93.05002,-107.7717],"ptsy":[113.361,105.941,92.88499,78.73102,65.34102,50.57938],"psi_unity":4.110855,"psi":3.743126,"x":-40.87996,"y":108.5355,"steering_angle":-0.09519287,"throttle":0.2,"speed":1.783683}]
Cost 8375.55
mpc_xy: [( -10.1025, 0.829061)( -10.2912, 0.704534)( -10.4848, 0.581842)( -10.6834, 0.461174)( -10.8869, 0.342725)( -11.0953, 0.226693)( -11.3088, 0.11328)( -11.5272, 0.00269372)( -11.7506, -0.104856)( -11.979, -0.209156)( -12.2124, -0.309988)( -12.4507, -0.407131)( -12.6939, -0.500361)( -12.942, -0.58945)( -13.1949, -0.674169)( -13.4525, -0.754285)( -13.7149, -0.829562)( -13.9819, -0.899764)( -14.2535, -0.964651)( -14.5295, -1.02398)( -14.8099, -1.07752)( -15.0946, -1.12501)( -15.3834, -1.16622)( -15.6761, -1.20091)]
next_xy: [( -9.91869, 0.955236)( 3.62157, 0.661065)( 25.5193, 1.46635)( 47.7114, 3.40128)( 67.4567, 6.08908)( 87.9479, 9.92849)]
  -10.1025
  0.829061
   3.72491
   1.80868
-0.0298376
   3.75844
42["steer",{"mpc_x":[0.0,-10.1025188111507,-10.2912189872346,-10.4848268738217,-10.6833690184776,-10.886866824196,-11.0953362721646,-11.3087876408297,-11.5272252216367,-11.7506470318548,-11.9790445249265,-12.2124022988182,-12.4506978028827,-12.6939010437795,-12.9419742910369,-13.1948717828758,-13.4525394329554,-13.7149145387356,-13.981925492195,-14.2534914936795,-14.5295222696973,-14.8099177955154,-15.0945680234552,-15.3833526178216,-15.6761406974406],"mpc_y":[0.0,0.829060941811665,0.704534477133321,0.581842250803285,0.461174345007552,0.342725066594785,0.226692869341725,0.113280264003304,0.00269371565010455,-0.104856472202597,-0.209156287166873,-0.30998815174332,-0.407131081753109,-0.500360859914592,-0.589450225028267,-0.674169077221987,-0.754284699694428,-0.829561997378731,-0.899763752929908,-0.964650900418943,-1.0239828170934,-1.07751763353883,-1.12501256254719,-1.1662242469689,-1.20090912679793],"next_x":[-9.91869492662262,3.62156959429759,25.5192868856847,47.7114046706264,67.4566625456499,87.9479495076184],"next_y":[0.955235853331869,0.661064638714824,1.46634815368643,3.40127604344811,6.08908376328608,9.9284894665506],"steering_angle":-0.218166,"throttle":0.2}]
42["telemetry",{"ptsx":[-32.16173,-43.49173,-61.09,-78.29172,-93.05002,-107.7717],"ptsy":[113.361,105.941,92.88499,78.73102,65.34102,50.57938],"psi_unity":4.105281,"psi":3.748701,"x":-41.00751,"y":108.4371,"steering_angle":-0.09519287,"throttle":0.2,"speed":2.187026}]
Cost 8028.23
mpc_xy: [( -10.2986, 0.846507)( -10.5292, 0.693875)( -10.7658, 0.544825)( -11.0084, 0.399614)( -11.257, 0.258504)( -11.5116, 0.121762)( -11.7722, -0.0103443)( -12.0386, -0.13754)( -12.3109, -0.259549)( -12.589, -0.376092)( -12.8728, -0.486886)( -13.1621, -0.591647)( -13.457, -0.690089)( -13.7573, -0.781923)( -14.0628, -0.86686)( -14.3735, -0.944612)( -14.6892, -1.01489)( -15.0096, -1.0774)( -15.3347, -1.13185)( -15.6643, -1.17796)( -15.998, -1.21545)( -16.3358, -1.24402)( -16.6774, -1.26341)( -17.0225, -1.27333)]
next_xy: [( -10.0741, 1.00247)( 3.46431, 0.632815)( 25.3662, 1.31601)( 47.5687, 3.12718)( 67.3287, 5.70487)( 87.841, 9.42998)]
  -10.2986
  0.846507
   3.72636
   2.21203
-0.0315978
   3.76547
42["steer",{"mpc_x":[0.0,-10.2986348981982,-10.5291940228739,-10.7657864966687,-11.0084039041549,-11.2570289630975,-11.511635160661,-11.7721863898383,-12.0386365869529,-12.3109293711356,-12.5889976867264,-12.8727634496025,-13.1621371984835,-13.4570177523164,-13.7572918748933,-14.0628339479032,-14.3735056536721,-14.6891556688921,-15.00961937069,-15.3347185564316,-15.6642611787061,-15.9980410969763,-16.335837847425,-16.6774164325671,-17.0225271322362],"mpc_y":[0.0,0.846507138672773,0.69387510607294,0.544824914137348,0.399614052853981,0.258504328719617,0.121761639250824,-0.0103442726853535,-0.137540085262733,-0.259549185328677,-0.376091977772055,-0.486886217091871,-0.591647361600201,-0.690088950657897,-0.781923005302884,-0.866860452588643,-0.944611573904519,-1.01488647749973,-1.07739559537931,-1.13185020468267,-1.1779629735936,-1.21544853176518,-1.24402406517319,-1.26340993523913,-1.27333032198904],"next_x":[-10.0741090344756,3.46430507102155,25.3661714982605,47.5687315787565,67.3286670575138,87.8410401552215],"next_y":[1.00246804432757,0.632814817536947,1.31600667666897,3.12718408136039,5.70487078950539,9.42997849431566],"steering_angle":-0.218166,"throttle":0.2}]
42["telemetry",{"ptsx":[-32.16173,-43.49173,-61.09,-78.29172,-93.05002,-107.7717],"ptsy":[113.361,105.941,92.88499,78.73102,65.34102,50.57938],"psi_unity":4.099619,"psi":3.754363,"x":-41.14181,"y":108.3323,"steering_angle":-0.09519287,"throttle":0.2,"speed":2.537248}]
Cost 7734.51
mpc_xy: [( -10.4979, 0.868592)( -10.7646, 0.691238)( -11.0384, 0.519261)( -11.3195, 0.35299)( -11.6076, 0.192757)( -11.9026, 0.0388957)( -12.2046, -0.108255)( -12.5133, -0.248354)( -12.8287, -0.381061)( -13.1506, -0.506031)( -13.4788, -0.622919)( -13.8132, -0.731383)( -14.1535, -0.831076)( -14.4997, -0.921657)( -14.8513, -1.00278)( -15.2083, -1.07412)( -15.5703, -1.13533)( -15.9371, -1.18608)( -16.3084, -1.22604)( -16.6838, -1.2549)( -17.063, -1.27235)( -17.4458, -1.27806)( -17.8316, -1.27176)( -18.2202, -1.25314)]
next_xy: [( -10.2384, 1.051)( 3.29769, 0.604698)( 25.2031, 1.16387)( 47.4155, 2.84931)( 67.1897, 5.31507)( 87.7229, 8.92398)]
  -10.4979
  0.868592
   3.72845
   2.56225
-0.0337871
    3.7732
42["steer",{"mpc_x":[0.0,-10.4978629786346,-10.7645564993219,-11.0384460956563,-11.3194736303298,-11.6075678848889,-11.9026441271055,-12.2046036858441,-12.5133335348974,-12.8287058873219,-13.1505778018715,-13.4787908031835,-13.813170517435,-14.1535263252423,-14.4996510336337,-14.8513205689789,-15.2082936928085,-15.570311742506,-15.9370983988969,-16.3083594828023,-16.683782782659,-17.0630379153394,-17.4457762223314,-17.8316307034603,-18.2202159903487],"mpc_y":[0.0,0.868591752822428,0.691237629430126,0.51926109016561,0.352990169612265,0.192756654900152,0.0388956599764339,-0.108254828811199,-0.248354436248404,-0.381060911279171,-0.506030669834411,-0.622919367710361,-0.731382503671749,-0.831076052878193,-0.92165713065067,-1.00278468650795,-1.07412022831061,-1.13532857625258,-1.18607864633723,-1.22604426286655,-1.2549049993583,-1.27234704718729,-1.27806411112287,-1.27175833080755,-1.25314122709285],"next_x":[-10.2384110284753,3.29769310332295,25.2030766754491,47.4155357010248,67.1897492303725,87.7228849807594],"next_y":[1.05099957583048,0.604698183142829,1.16387138620811,2.84930953589508,5.31507476919748,8.92398232802756],"steering_angle":-0.218166,"throttle":0.2}]
42["telemetry",{"ptsx":[-32.16173,-43.49173,-61.09,-78.29172,-93.05002,-107.7717],"ptsy":[113.361,105.941,92.88499,78.73102,65.34102,50.57938],"psi_unity":4.093116,"psi":3.760866,"x":-41.2955,"y":108.2109,"steering_angle":-0.09519287,"throttle":0.2,"speed":2.893589}]
Cost 7443.03
mpc_xy: [( -10.7215, 0.897964)( -11.0247, 0.695075)( -11.3365, 0.499655)( -11.6567, 0.312114)( -11.9851, 0.132871)( -12.3217, -0.03766)( -12.6663, -0.19906)( -13.0185, -0.35091)( -13.3782, -0.492795)( -13.7452, -0.624298)( -14.1191, -0.745008)( -14.4998, -0.854515)( -14.8868, -0.952415)( -15.2798, -1.03831)( -15.6786, -1.1118)( -16.0826, -1.17251)( -16.4915, -1.22007)( -16.905, -1.25409)( -17.3224, -1.27424)( -17.7435, -1.28017)( -18.1676, -1.27154)( -18.5942, -1.24806)( -19.023, -1.20941)( -19.4531, -1.15532)]
next_xy: [( -10.427, 1.10791)( 3.10594, 0.573593)( 25.0145, 0.990305)( 47.2374, 2.53126)( 67.0273, 4.86838)( 87.5834, 8.34369)]
  -10.7215
  0.897964
   3.73131
   2.91859
-0.0367347
   3.78256
42["steer",{"mpc_x":[0.0,-10.7215069848451,-11.0247108176155,-11.3364749303798,-11.6566691375007,-11.9851447667351,-12.3217341777938,-12.6662503012647,-13.0184862002283,-13.3782146569653,-13.7451877872206,-14.1191366845468,-14.4997710973096,-14.8867791409851,-15.2798270484276,-15.6785589608213,-16.0825967620646,-16.4915399593587,-16.9049656127871,-17.3224283166844,-17.7434602355855,-18.1675711975398,-18.5942488475504,-19.0229588638658,-19.4531452398095],"mpc_y":[0.0,0.897963920675083,0.695075495018982,0.499654593217174,0.312114450197581,0.132870559318503,-0.0376600447800401,-0.199059541818566,-0.350910120064469,-0.49279480900002,-0.624298350289813,-0.745008106738653,-0.854515008797092,-0.952414538031125,-1.0383077468249,-1.11180231343088,-1.1725136313209,-1.22006593162359,-1.25409343726027,-1.27424154721078,-1.28016804915543,-1.27154435854789,-1.24805678197813,-1.20940780248569,-1.15531738428327],"next_x":[-10.426975630645,3.10594001044636,25.0144966834336,47.2374463662614,67.0272765394316,87.5834466888112],"next_y":[1.1079095724994,0.573592951846915,0.990304626158451,2.53126053526213,4.86838282711693,8.34368803698767],"steering_angle":-0.218166,"throttle":0.2}]
42["telemetry",{"ptsx":[-32.16173,-43.49173,-61.09,-78.29172,-93.05002,-107.7717],"ptsy":[113.361,105.941,92.88499,78.73102,65.34102,50.57938],"psi_unity":4.084577,"psi":3.769405,"x":-41.49096,"y":108.0542,"steering_angle":-0.09519287,"throttle":0.2,"speed":3.274163}]
Cost 7141.01
mpc_xy: [( -10.9986, 0.944497)( -11.3403, 0.713561)( -11.6922, 0.492605)( -12.0541, 0.282151)( -12.4257, 0.0827203)( -12.8068, -0.105169)( -13.197, -0.281)( -13.5961, -0.444262)( -14.0036, -0.594449)( -14.4191, -0.731061)( -14.8422, -0.853609)( -15.2725, -0.96161)( -15.7095, -1.0546)( -16.1527, -1.13211)( -16.6015, -1.19371)( -17.0554, -1.23896)( -17.5137, -1.26747)( -17.976, -1.27883)( -18.4415, -1.27269)( -18.9095, -1.24868)( -19.3794, -1.2065)( -19.8504, -1.14584)( -20.3218, -1.06644)( -20.7928, -0.968046)]
next_xy: [( -10.6674, 1.18489)( 2.86049, 0.53504)( 24.7718, 0.764661)( 47.0071, 2.1158)( 66.8162, 4.28386)( 87.4013, 7.58351)]
  -10.9986
  0.944497
   3.73596
   3.29916
-0.0410891
   3.79573
42["steer",{"mpc_x":[0.0,-10.9985939475932,-11.3402639273671,-11.6921668574198,-12.0540689167873,-12.4257105510657,-12.8068059850812,-13.197042778149,-13.5960814254421,-14.0035550090428,-14.419068902294,-14.8422005311052,-15.2724991958887,-15.7094859578142,-16.1526535930701,-16.6014666188045,-17.0553613943914,-17.5137463016219,-17.9760020073636,-18.4414818121514,-18.9095120880824,-19.3793928092724,-19.8503981780017,-20.3217773495281,-20.7927552583725],"mpc_y":[0.0,0.944497463683335,0.713561172963973,0.492605272116137,0.282151358334751,0.0827203040221199,-0.105168893461364,-0.281000311449024,-0.444262350180181,-0.594449028526261,-0.731061325970401,-0.853608569357841,-0.961609862703467,-1.05459555810384,-1.13210876555429,-1.1937068992176,-1.23896325743017,-1.26746863346443,-1.27883295379437,-1.27268694033354,-1.24868379283453,-1.20650088735488,-1.14584148640943,-1.06643645614438,-0.968045985586833],"next_x":[-10.6673655320862,2.86049426479394,24.7718104744217,47.0071080369109,66.8161731762,87.4012691790409],"next_y":[1.18489292248686,0.535039619075952,0.764661209315133,2.11580147844382,4.28385525946505,7.58350676618879],"steering_angle":-0.218166,"throttle":0.2}]
42["telemetry",{"ptsx":[-32.16173,-43.49173,-61.09,-78.29172,-93.05002,-107.7717],"ptsy":[113.361,105.941,92.88499,78.73102,65.34102,50.57938],"psi_unity":4.075203,"psi":3.778778,"x":-41.70924,"y":107.8759,"steering_angle":-0.09519287,"throttle":0.2,"speed":3.679709}]
Cost 6828.01
mpc_xy: [( -11.307, 0.997726)( -11.6893, 0.736398)( -12.0839, 0.488056)( -12.4903, 0.253359)( -12.9082, 0.0329591)( -13.3372, -0.172497)( -13.7766, -0.362374)( -14.2261, -0.536047)( -14.685, -0.692905)( -15.1527, -0.832353)( -15.6287, -0.953814)( -16.1122, -1.05673)( -16.6025, -1.14056)( -17.099, -1.2048)( -17.6007, -1.24896)( -18.107, -1.27258)( -18.617, -1.27523)( -19.1297, -1.25653)( -19.6444, -1.2161)( -20.1599, -1.15364)( -20.6755, -1.06885)( -21.19, -0.961502)( -21.7024, -0.831393)( -22.2118, -0.678375)]
next_xy: [( -10.9373, 1.27137)( 2.58386, 0.494755)( 24.4964, 0.518995)( 46.7433, 1.66167)( 66.5719, 3.64396)( 87.187, 6.75052)]
  -11.307
 0.997726
  3.74119
  3.70471
-0.046665
  3.81032
42["steer",{"mpc_x":[0.0,-11.3070223445933,-11.6893300058532,-12.0838947581876,-12.4903376215323,-12.9082441668773,-13.3371641137891,-13.7766110075384,-14.2260619809047,-14.6849576057197,-15.1527018391846,-15.6286620699496,-16.1121692688696,-16.6025182492591,-17.0989680413488,-17.6007423855056,-18.1070303486021,-18.6169870677295,-19.1297346252179,-19.6443630586727,-20.159931509452,-20.6754695126905,-21.1899784316308,-21.7024330386425,-22.2117832449002],"mpc_y":[0.0,0.99772565891955,0.736398417915576,0.488056313870473,0.253358754889109,0.0329591249101934,-0.17249700206486,-0.36237370740195,-0.536046630256243,-0.692904923972219,-0.832353263091326,-0.953813897231378,-1.05672874772858,-1.14056154255307,-1.20479998462318,-1.24895794825371,-1.2725776980804,-1.2752321244085,-1.25652698853885,-1.21610317123238,-1.15363891708521,-1.06885206720337,-0.961502272191382,-0.83139317710579,-0.678374569674978],"next_x":[-10.9373157825493,2.58385880044872,24.4963647399301,46.7433496416486,66.571865513675,87.1869844713148],"next_y":[1.27137432839329,0.494754797292242,0.518994541407599,1.66166706755358,3.64395796517573,6.75052325088273],"steering_angle":-0.218166,"throttle":0.2}]
42["telemetry",{"ptsx":[-32.16173,-43.49173,-61.09,-78.29172,-93.05002,-107.7717],"ptsy":[113.361,105.941,92.88499,78.73102,65.34102,50.57938],"psi_unity":4.063658,"psi":3.790324,"x":-41.97645,"y":107.6528,"steering_angle":-0.09519287,"throttle":0.2,"speed":4.079603}]
Cost 6531.84
mpc_xy: [( -11.676, 1.07313)( -12.0974, 0.780446)( -12.5333, 0.504003)( -12.9832, 0.244627)( -13.4465, 0.00312638)( -13.9225, -0.219708)( -14.4105, -0.423104)( -14.9098, -0.606311)( -15.4195, -0.768604)( -15.9389, -0.909284)( -16.467, -1.02769)( -17.0029, -1.12317)( -17.5456, -1.19515)( -18.0941, -1.24306)( -18.6473, -1.26639)( -19.2041, -1.26466)( -19.7634, -1.23746)( -20.3239, -1.18441)( -20.8846, -1.1052)( -21.444, -0.999564)( -22.001, -0.867305)( -22.5542, -0.708285)( -23.1022, -0.522431)( -23.6438, -0.309738)]
next_xy: [( -11.2696, 1.38123)( 2.24168, 0.448554)( 24.153, 0.219796)( 46.4117, 1.10553)( 66.2618, 2.85876)( 86.9114, 5.7271)]
   -11.676
   1.07313
   3.74866
    4.1046
-0.0541143
   3.82931
42["steer",{"mpc_x":[0.0,-11.6759804263175,-12.0973830100298,-12.5333213218813,-12.9832358046529,-13.4465194613844,-13.9225176748905,-14.4105281614318,-14.9098010653372,-15.4195392012253,-15.9388984502815,-16.4669883168249,-17.0028726511325,-17.5455705441846,-18.0940573996489,-18.6472661880311,-19.2040888874874,-19.7633781153196,-20.3239489536482,-20.8845809721937,-21.4440204504849,-22.00098280115,-22.5541551952475,-23.1021993898436,-23.6437547572514],"mpc_y":[0.0,1.07313368550077,0.780445791948759,0.504003002692145,0.244627206217808,0.00312638138628153,-0.219708033290142,-0.423103835949051,-0.606310817474115,-0.76860357106182,-0.90928434838947,-1.02768595496578,-1.12317467669376,-1.19515322912424,-1.24306372032982,-1.26639061778561,-1.26466370910822,-1.23746104598015,-1.18441186007737,-1.10519943932521,-0.999563952336457,-0.867305208438688,-0.708285340280023,-0.522431395618222,-0.309737824548671],"next_x":[-11.2696259959448,2.24168069251055,24.1530059347306,46.4117009827091,66.2617822207268,86.9113946975391],"next_y":[1.3812334451227,0.44855366593688,0.219795622036989,1.10553400350031,2.85875781525387,5.72709915991212],"steering_angle":-0.218166,"throttle":0.2}]
42["telemetry",{"ptsx":[-32.16173,-43.49173,-61.09,-78.29172,-93.05002,-107.7717],"ptsy":[113.361,105.941,92.88499,78.73102,65.34102,50.57938],"psi_unity":4.052245,"psi":3.801737,"x":-42.23809,"y":107.4294,"steering_angle":-0.09519287,"throttle":0.2,"speed":4.434946}]
Cost 6278.67
mpc_xy: [( -12.0347, 1.15379)( -12.4901, 0.832206)( -12.9623, 0.530011)( -13.4505, 0.248195)( -13.954, -0.0122761)( -14.4719, -0.250461)( -15.0031, -0.465451)( -15.5468, -0.65637)( -16.1019, -0.822383)( -16.6672, -0.962695)( -17.2417, -1.07656)( -17.824, -1.16327)( -18.4129, -1.2222)( -19.0071, -1.25274)( -19.6053, -1.25439)( -20.2059, -1.22666)( -20.8075, -1.16918)( -21.4086, -1.08162)( -22.0078, -0.96373)( -22.6033, -0.815356)( -23.1936, -0.636409)( -23.7772, -0.42689)( -24.3522, -0.186887)( -24.9171, 0.0834189)]
next_xy: [( -11.5968, 1.49374)( 1.90299, 0.406922)( 23.8103, -0.0718897)( 46.0776, 0.559758)( 65.9464, 2.08632)( 86.6274, 4.71881)]
  -12.0347
   1.15379
   3.75644
   4.45995
-0.0622208
   3.84848
42["steer",{"mpc_x":[0.0,-12.0346920894933,-12.4900870277254,-12.9622855419048,-13.4505333505526,-13.9540156973787,-14.4718575334669,-15.0031239018706,-15.5468205329584,-16.1018946584561,-16.6672360516821,-17.2416783009697,-17.8240003226995,-18.4129281197394,-19.0071367903997,-19.6052527922573,-20.205856464391,-20.8074848106892,-21.4086345459534,-22.0077654055194,-22.6033037180549,-23.1936462400728,-23.7771642495195,-24.3522078945709,-24.917110792481],"mpc_y":[0.0,1.15378644466574,0.832205701769198,0.530011416930505,0.248194934449017,-0.0122760620151194,-0.250461155441023,-0.465450865328589,-0.656370371327455,-0.822383279725591,-0.962695421159151,-1.07655866716171,-1.16327475243835,-1.22219908903271,-1.2527445578568,-1.25438526237961,-1.22666022862503,-1.16917703501791,-1.08161535504395,-0.963730395160108,-0.815356209911964,-0.636408875789608,-0.42688950498934,-0.186887079952952,0.083418910672541],"next_x":[-11.5967945454314,1.90298774111817,23.8102751929281,46.0776292987086,65.9464268579916,86.627430144649],"next_y":[1.4937421734197,0.406921941843849,-0.0718897296610539,0.559757994218913,2.08632356379992,4.71880918945197],"steering_angle":-0.218166,"throttle":0.2}]
42["telemetry",{"ptsx":[-32.16173,-43.49173,-61.09,-78.29172,-93.05002,-107.7717],"ptsy":[113.361,105.941,92.88499,78.73102,65.34102,50.57938],"psi_unity":4.039879,"psi":3.814103,"x":-42.5186,"y":107.1841,"steering_angle":-0.09519287,"throttle":0.2,"speed":4.787419}]
Cost 6037.51
mpc_xy: [( -12.4178, 1.24709)( -12.9061, 0.895805)( -13.4137, 0.567235)( -13.9397, 0.262569)( -14.4829, -0.0170423)( -15.0422, -0.270491)( -15.6164, -0.496716)( -16.2042, -0.694704)( -16.8044, -0.863502)( -17.4154, -1.00221)( -18.0358, -1.11001)( -18.664, -1.18614)( -19.2984, -1.22991)( -19.9374, -1.24073)( -20.5791, -1.21807)( -21.222, -1.16151)( -21.864, -1.07071)( -22.5034, -0.945434)( -23.1382, -0.785549)( -23.7666, -0.591025)( -24.3866, -0.36194)( -24.9961, -0.0984849)( -25.5933, 0.199034)( -26.1761, 0.530194)]
next_xy: [( -11.9497, 1.61989)( 1.53563, 0.366215)( 23.4353, -0.383459)( 45.7088, -0.0272105)( 65.5949, 1.25355)( 86.3069, 3.6301)]
  -12.4178
   1.24709
   3.76521
   4.81242
-0.0717647
   3.86959
42["steer",{"mpc_x":[0.0,-12.4178046043409,-12.9061291820397,-13.4137473283755,-13.9396775546336,-14.4828623747594,-15.0421690535274,-15.6163906483204,-16.2042473541485,-16.8043881607527,-17.4153928297669,-18.0357741989589,-18.6639808195258,-19.2983999312925,-19.9373607794438,-20.5791382751211,-21.2219570008279,-21.8639955601212,-22.5033912695172,-23.1382451889174,-23.7666274851617,-24.3865831215504,-24.9961378643508,-25.5933045954175,-26.176089918124],"mpc_y":[0.0,1.24709465111746,0.895805074171511,0.567234616393701,0.262569021467191,-0.0170423328634891,-0.270491261220228,-0.496715648585812,-0.694704363405925,-0.863502188336446,-1.00221475019412,-1.11001342971855,-1.18614023083976,-1.22991258827435,-1.24072809145294,-1.21806910201738,-1.1615072414276,-1.07070772459061,-0.94543351487708,-0.785549275430742,-0.591025091311046,-0.3619399367475,-0.0984848616337236,0.199034128639897,0.530193525828531],"next_x":[-11.9496786217672,1.53563222191893,23.4353238520376,45.7087861970584,65.5949416564633,86.3069162024841],"next_y":[1.61988599703206,0.366214808417596,-0.383458866398319,-0.0272105201017538,1.25354704258523,3.63009662485481],"steering_angle":-0.218166,"throttle":0.2}]
42["telemetry",{"ptsx":[-32.16173,-43.49173,-61.09,-78.29172,-93.05002,-107.7717],"ptsy":[113.361,105.941,92.88499,78.73102,65.34102,50.57938],"psi_unity":4.026578,"psi":3.827404,"x":-42.81686,"y":106.9164,"steering_angle":-0.09519287,"throttle":0.2,"speed":5.133477}]
Cost 5811.53
mpc_xy: [( -12.824, 1.35401)( -13.3438, 0.97237)( -13.8855, 0.616912)( -14.448, 0.289045)( -15.0299, -0.00987762)( -15.6298, -0.278561)( -16.2461, -0.515775)( -16.8774, -0.720363)( -17.5218, -0.891242)( -18.1776, -1.02742)( -18.843, -1.12798)( -19.516, -1.19212)( -20.1946, -1.21912)( -20.8769, -1.20839)( -21.5605, -1.15945)( -22.2435, -1.0719)( -22.9236, -0.945525)( -23.5984, -0.780191)( -24.2658, -0.575915)( -24.9234, -0.33285)( -25.5688, -0.0512857)( -26.1998, 0.268342)( -26.8139, 0.625453)( -27.4089, 1.01932)]
next_xy: [( -12.3274, 1.76039)( 1.14001, 0.327471)( 23.0278, -0.713415)( 45.304, -0.653449)( 65.2055, 0.362697)( 85.9472, 2.46355)]
   -12.824
   1.35401
   3.77497
   5.15848
-0.0827993
   3.89263
42["steer",{"mpc_x":[0.0,-12.8240391237417,-13.3437763465801,-13.8855037007858,-14.4479820222845,-15.0298779888378,-15.6297656791486,-16.2461285435415,-16.8773617965514,-17.5217752403681,-18.1775965265766,-18.8429748620099,-19.5159851627805,-20.1946326587016,-20.8768579483295,-21.5605425027764,-22.2435146142533,-22.9235557830124,-23.5984075339776,-24.2657786518842,-24.9233528212035,-25.5687966545166,-26.1997680903336,-26.8139251386443,-27.4089349497402],"mpc_y":[0.0,1.35401499836438,0.972370305109157,0.616911795036688,0.289044788831897,-0.00987762336002948,-0.278560900016879,-0.515775390574778,-0.720362676766864,-0.891241886447078,-1.0274159521708,-1.12797778566317,-1.19211633824425,-1.21912251630854,-1.20839492008469,-1.1594453731405,-1.07190420945952,-0.945525284408781,-0.780190675553117,-0.57591503906161,-0.332849587404631,-0.0512856541675195,0.268342187881157,0.625453488819887,1.01931979635962],"next_x":[-12.3274358790525,1.14000750574037,23.0277908393828,45.3040212603626,65.2054525042259,85.9472044851217],"next_y":[1.76039459347895,0.327471470139941,-0.713415100301436,-0.653448853859878,0.362697462268656,2.46355497171696],"steering_angle":-0.218166,"throttle":0.2}]
42["telemetry",{"ptsx":[-32.16173,-43.49173,-61.09,-78.29172,-93.05002,-107.7717],"ptsy":[113.361,105.941,92.88499,78.73102,65.34102,50.57938],"psi_unity":4.009077,"psi":3.844904,"x":-43.2038,"y":106.5584,"steering_angle":-0.09519287,"throttle":0.2,"speed":5.547876}]
Cost 5556.57
mpc_xy: [( -13.3503, 1.50454)( -13.9063, 1.08482)( -14.4878, 0.695677)( -15.0934, 0.338812)( -15.7211, 0.0158622)( -16.3694, -0.271623)( -17.0361, -0.522186)( -17.7192, -0.734475)( -18.4166, -0.907245)( -19.126, -1.03937)( -19.8451, -1.12985)( -20.5714, -1.17782)( -21.3023, -1.18256)( -22.0354, -1.14349)( -22.7679, -1.06019)( -23.4972, -0.932405)( -24.2204, -0.760038)( -24.9348, -0.543172)( -25.6376, -0.282065)( -26.326, 0.0228453)( -26.997, 0.370936)( -27.648, 0.761397)( -28.2761, 1.19323)( -28.8786, 1.66525)]
next_xy: [( -12.8214, 1.95305)( 0.618907, 0.284676)( 22.4851, -1.13907)( 44.759, -1.46892)( 64.6752, -0.801191)( 85.4505, 0.936382)]
  -13.3503
   1.50454
   3.78824
   5.57288
-0.0984099
   3.92336
42["steer",{"mpc_x":[0.0,-13.3503232327215,-13.9062933507536,-14.4878376242285,-15.0933613026005,-15.7211492743706,-16.3693690173881,-17.036074148482,-17.719208582202,-18.4166113059462,-19.1260217760706,-19.8450859367344,-20.5713628602239,-21.3023320043388,-22.0354010791182,-22.7679145117418,-23.4971624948811,-24.220390600101,-24.9348099341489,-25.6376078121232,-26.3259589176137,-26.9970369159622,-27.6480264828336,-28.2761357063417,-28.8786088170427],"mpc_y":[0.0,1.50453917217982,1.08482257307673,0.695676547894902,0.338811654233325,0.0158621572206084,-0.27162253603615,-0.522186405128335,-0.734475267921225,-0.90724511321997,-1.03937027127278,-1.12985137756363,-1.17782308421953,-1.18256147241368,-1.14349111840102,-1.0601917652939,-0.932404552386486,-0.760037753784067,-0.543171978300856,-0.282064783071433,0.0228453459101104,0.370935692040913,0.761396729487317,1.1932303103212,1.66524865803203],"next_x":[-12.821399296645,0.618907063758774,22.4851243308654,44.7589931468639,64.6751587147342,85.4504978258101],"next_y":[1.95304805903233,0.284676116542106,-1.13906773004243,-1.46892480059112,-0.801191348397278,0.936382342643157],"steering_angle":-0.218166,"throttle":0.2}]
42["telemetry",{"ptsx":[-43.49173,-61.09,-78.29172,-93.05002,-107.7717,-123.3917],"ptsy":[105.941,92.88499,78.73102,65.34102,50.57938,33.37102],"psi_unity":3.954613,"psi":3.899369,"x":-44.36665,"y":105.4026,"steering_angle":-0.09519287,"throttle":0.2,"speed":6.631397}]
Cost 4900.05
mpc_xy: [( -1.60766, -0.359463)( -2.24935, -0.889122)( -2.92808, -1.37579)( -3.64108, -1.81668)( -4.38534, -2.20919)( -5.15767, -2.55092)( -5.95466, -2.83964)( -6.77272, -3.07336)( -7.6081, -3.25035)( -8.45689, -3.3691)( -9.31502, -3.42838)( -10.1783, -3.42724)( -11.0425, -3.36504)( -11.9032, -3.24142)( -12.756, -3.05634)( -13.5965, -2.8101)( -14.4202, -2.5033)( -15.2225, -2.13689)( -15.9991, -1.71216)( -16.7456, -1.23072)( -17.4578, -0.694537)( -18.1314, -0.105891)( -18.7624, 0.532597)( -19.3469, 1.21799)]
next_xy: [( -1.00556, 0.210264)( 20.7507, -2.40172)( 42.9736, -3.94364)( 62.8966, -4.36109)( 83.7357, -3.75706)( 106.909, -1.99325)]
 -1.60766
-0.359463
  3.83164
   6.6564
-0.114298
  3.97708
42["steer",{"mpc_x":[0.0,-1.60766164872014,-2.24935286821423,-2.92808341300399,-3.64107726828253,-4.38533970610009,-5.15766690989759,-5.95465703654094,-6.77272270796637,-7.60810491555668,-8.45688831104451,-9.31501784812649,-10.1783167291211,-11.0425056009676,-11.9032229347036,-12.7560465123337,-13.5965159347863,-14.4201560545109,-15.2225012262787,-15.9991202599873,-16.7456419498149,-17.4577810450136,-18.1313645190492,-18.762357985792,-19.3468921040722],"mpc_y":[0.0,-0.359462542514071,-0.88912182690929,-1.37578547084999,-1.81667777560657,-2.20919379344355,-2.55091701577,-2.8396366193404,-3.0733641551379,-3.2503495628698,-3.36909639296758,-3.42837611765561,-3.42724141307261,-3.36503829563655,-3.24141699786989,-3.05634147177861,-2.81009741163003,-2.50329869262258,-2.13689212749974,-1.71216044964047,-1.23072343856294,-0.694537112103758,-0.105890918772999,0.532597126079298,1.21798740568677],"next_x":[-1.00555886842603,20.7507281697998,42.9736113618436,62.8965943384025,83.735716875807,106.908998773653],"next_y":[0.210263949667472,-2.40172349734065,-3.9436380060206,-4.36109244154864,-3.75706480721258,-1.99324509631143],"steering_angle":-0.218166,"throttle":0.2}]
42["telemetry",{"ptsx":[-43.49173,-61.09,-78.29172,-93.05002,-107.7717,-123.3917],"ptsy":[105.941,92.88499,78.73102,65.34102,50.57938,33.37102],"psi_unity":3.883876,"psi":3.970105,"x":-45.77962,"y":103.8118,"steering_angle":-0.09519287,"throttle":0.2,"speed":7.748122}]
Cost 4480.92
mpc_xy: [( -3.77031, -0.466999)( -4.48166, -1.12886)( -5.24571, -1.73416)( -6.0581, -2.2785)( -6.91407, -2.75777)( -7.80851, -3.16827)( -8.73596, -3.50667)( -9.69069, -3.77007)( -10.6666, -3.95601)( -11.6576, -4.06252)( -12.657, -4.08816)( -13.6583, -4.03199)( -14.6548, -3.89361)( -15.6396, -3.67319)( -16.6058, -3.37149)( -17.5467, -2.98981)( -18.4556, -2.53005)( -19.3257, -1.99471)( -20.1507, -1.38681)( -20.9243, -0.709993)( -21.6406, 0.0315864)( -22.2939, 0.833229)( -22.879, 1.68973)( -23.391, 2.59541)]
next_xy: [( -3.11562, 0.246726)( 18.4017, -3.8964)( 40.46, -7.00511)( 60.3036, -8.82961)( 81.1333, -9.69994)( 104.373, -9.57835)]
 -3.77031
-0.466999
  3.89097
  7.77312
-0.196826
  4.10711
42["steer",{"mpc_x":[0.0,-3.77030543239529,-4.48165768875688,-5.24571069743446,-6.05809781553122,-6.91406732986873,-7.80850571797033,-8.73596407991439,-9.6906876580624,-10.666648335163,-11.6575799745103,-12.6570164388997,-13.6583320982883,-14.6547846095639,-15.6395597258839,-16.6058178679138,-17.5467421652201,-18.4555876533108,-19.3257312906215,-20.1507224403729,-20.9243334449323,-21.6406099053413,-22.2939202662762,-22.8790042971622,-23.3910200536249],"mpc_y":[0.0,-0.466998970137909,-1.12886205499155,-1.73416387486778,-2.27849512724004,-2.75777282594859,-3.16827496125668,-3.50667363525226,-3.77006638151092,-3.95600538013725,-4.06252428386977,-4.08816237794689,-4.03198580595084,-3.89360560591748,-3.67319231564671,-3.37148692337441,-2.98980795975475,-2.53005454940775,-1.99470526504723,-1.38681265432565,-0.709993338899308,0.0315863833127572,0.833229468295155,1.68973158897537,2.59540909495272],"next_x":[-3.11561546785123,18.4016570777226,40.4599885105183,60.3036446920494,81.1333447150486,104.37333760905],"next_y":[0.246725654495337,-3.89639953218368,-7.00510539157888,-8.82961306193303,-9.69994315096229,-9.57835295247033],"steering_angle":-0.218166,"throttle":0.2}]
42["telemetry",{"ptsx":[-43.49173,-61.09,-78.29172,-93.05002,-107.7717,-123.3917],"ptsy":[105.941,92.88499,78.73102,65.34102,50.57938,33.37102],"psi_unity":3.843242,"psi":4.010739,"x":-46.53918,"y":102.8548,"steering_angle":-0.09519287,"throttle":0.2,"speed":8.294325}]
Cost 4381.69
mpc_xy: [( -4.99346, -0.456379)( -5.72951, -1.191)( -6.52763, -1.86251)( -7.38258, -2.46545)( -8.28857, -2.99477)( -9.23939, -3.4459)( -10.2284, -3.81479)( -11.2485, -4.09796)( -12.2923, -4.2925)( -13.3521, -4.39618)( -14.4201, -4.40738)( -15.4881, -4.32522)( -16.548, -4.14951)( -17.5913, -3.88078)( -18.61, -3.52031)( -19.5957, -3.07013)( -20.5405, -2.533)( -21.4365, -1.91242)( -22.2761, -1.21261)( -23.0522, -0.438487)( -23.7579, 0.404346)( -24.387, 1.30965)( -24.9336, 2.2706)( -25.3927, 3.27978)]
next_xy: [( -4.32424, 0.335499)( 17.007, -4.6783)( 38.9208, -8.68051)( 58.674, -11.3096)( 79.4511, -13.0254)( 102.677, -13.848)]
 -4.99346
-0.456379
  3.92602
  8.31933
-0.249017
  4.18278
42["steer",{"mpc_x":[0.0,-4.99346295478052,-5.72950587432406,-6.52763113087668,-7.38257506446693,-8.28857324077238,-9.23939376480301,-10.2283751352264,-11.2484684794482,-12.2922839669712,-13.3521411559218,-14.4201229853343,-15.4881330842175,-16.5479560280144,-17.59132013421,-18.6099623519936,-19.5956947664523,-20.5404722062076,-21.4364604151229,-22.2761042241218,-23.052195138676,-23.7579377415134,-24.3870142989454,-24.9336469533654,-25.3926568857121],"mpc_y":[0.0,-0.456378825807099,-1.19099799791795,-1.86251108111354,-2.46544837994832,-2.99476692444773,-3.44589770422739,-3.81479045551498,-4.09795556095339,-4.29250262977994,-4.39617533776796,-4.4073821222691,-4.32522234785805,-4.14950758247071,-3.8807776525163,-3.52031117816864,-3.07013032679233,-2.53299956308395,-1.91241821880968,-1.21260675275517,-0.438486622385201,0.404346257594494,1.30965443844301,2.27059815280922,3.27978067245779],"next_x":[-4.32423660252879,17.0069691420815,38.9208081873424,58.6739678298112,79.4511187695863,102.676867608676],"next_y":[0.335499251639003,-4.67829827060933,-8.68050966154058,-11.3096165496571,-13.0253893603184,-13.8479735524483],"steering_angle":-0.218166,"throttle":0.2}]
42["telemetry",{"ptsx":[-43.49173,-61.09,-78.29172,-93.05002,-107.7717,-123.3917],"ptsy":[105.941,92.88499,78.73102,65.34102,50.57938,33.37102],"psi_unity":3.79513,"psi":4.058852,"x":-47.39671,"y":101.6717,"steering_angle":-0.09519287,"throttle":0.2,"speed":8.872717}]
Cost 4386.8
mpc_xy: [( -6.43811, -0.375963)( -7.19147, -1.19417)( -8.0183, -1.94273)( -8.91232, -2.61481)( -9.8666, -3.20414)( -10.8736, -3.70505)( -11.9253, -4.11257)( -13.0129, -4.42243)( -14.1277, -4.63117)( -15.26, -4.73616)( -16.4004, -4.73563)( -17.5388, -4.6287)( -18.6654, -4.41545)( -19.7701, -4.09687)( -20.8429, -3.67492)( -21.8741, -3.15253)( -22.8541, -2.53354)( -23.7736, -1.82273)( -24.6239, -1.02581)( -25.3966, -0.149308)( -26.084, 0.799392)( -26.6792, 1.81215)( -27.1759, 2.88013)( -27.6126, 3.97739)]
next_xy: [( -5.76378, 0.504586)( 15.3016, -5.52932)( 36.9976, -10.5808)( 56.6015, -14.1569)( 77.272, -16.87)( 100.431, -18.8086)]
 -6.43811
-0.375963
  3.96823
  8.89772
-0.314215
  4.27306
42["steer",{"mpc_x":[0.0,-6.43810679009837,-7.19147059665523,-8.01829791968584,-8.91231699434296,-9.86659998454021,-10.8736098051778,-11.9252534872043,-13.0129418000773,-14.127654777766,-15.2600127266827,-16.4003522275282,-17.5388065787253,-18.6653900676194,-19.7700853976957,-20.8429335464449,-21.8741252799248,-22.8540935072507,-23.773605621877,-24.6238549472721,-25.3965503830554,-26.0840033344093,-26.6792110031204,-27.1759351236119,-27.6126207478813],"mpc_y":[0.0,-0.375962917356344,-1.19417092720541,-1.94272891272247,-2.61481001837324,-3.20413782437591,-3.7050512007029,-4.11256535737171,-4.42242842311424,-4.63117290264845,-4.73616138788675,-4.73562593056556,-4.62870052296327,-4.41544617951045,-4.09686816503205,-3.67492497486296,-3.1525287378336,-2.53353678473719,-1.82273420189113,-1.02580727123784,-0.149307784462902,0.79939169186529,1.81215143088658,2.88012677630062,3.977388422177],"next_x":[-5.76378213126993,15.301603207584,36.9975992878394,56.6014550105733,77.2720433512685,100.43135346246],"next_y":[0.50458580405466,-5.52932210364487,-10.5808359168339,-14.1569175283514,-16.8699702667843,-18.8086319348555],"steering_angle":-0.218166,"throttle":0.2}]
42["telemetry",{"ptsx":[-43.49173,-61.09,-78.29172,-93.05002,-107.7717,-123.3917],"ptsy":[105.941,92.88499,78.73102,65.34102,50.57938,33.37102],"psi_unity":3.738643,"psi":4.115339,"x":-48.33636,"y":100.2241,"steering_angle":-0.09519287,"throttle":0.2,"speed":9.478004}]
Cost 4557.25
mpc_xy: [( -8.11761, -0.187359)( -8.87727, -1.10058)( -9.72407, -1.93808)( -10.6507, -2.69132)( -11.6488, -3.35243)( -12.7096, -3.91435)( -13.8231, -4.37088)( -14.9791, -4.71678)( -16.1666, -4.9478)( -17.3742, -5.0608)( -18.5902, -5.05374)( -19.8025, -4.92576)( -20.9993, -4.67722)( -22.1682, -4.30966)( -23.2974, -3.82586)( -24.3752, -3.22982)( -25.3903, -2.52673)( -26.3317, -1.72296)( -27.1893, -0.82598)( -27.9536, 0.155676)( -28.6161, 1.21248)( -29.1689, 2.33399)( -29.7497, 3.44485)( -30.4427, 4.49311)]
next_xy: [( -7.45154, 0.792427)( 13.2396, -6.42115)( 34.6158, -12.6895)( 53.9865, -17.3666)( 74.4709, -21.2424)( 97.4839, -24.4854)]
 -8.11761
-0.187359
  4.01853
    9.503
-0.394525
  4.37979
42["steer",{"mpc_x":[0.0,-8.11761276299927,-8.87726678307735,-9.72406667378359,-10.6506593343305,-11.6488282383373,-12.7095577578949,-13.8231069481767,-14.9790923116263,-16.1665789511527,-17.3741794143175,-18.5901594264758,-19.802549611528,-20.9992622056568,-22.1682116834483,-23.2974381384053,-24.3752321922746,-25.3902601510143,-26.3316880807063,-27.1893034453001,-27.953632930652,-28.6160550766854,-29.1689063523379,-29.7496516837325,-30.442655863351],"mpc_y":[0.0,-0.187359242572454,-1.10058099748705,-1.93808451201203,-2.69131870685846,-3.35242959038318,-3.91434971745423,-4.3708819250479,-4.71677632998825,-4.94779961065077,-5.06079564270784,-5.05373661907005,-4.92576385591039,-4.67721756974746,-4.30965500456367,-3.82585639225428,-3.22981834360623,-2.52673438961105,-1.72296252320075,-0.825979728299709,0.155676374878683,1.21247849350387,2.33399281180097,3.44484760523636,4.49310943474925],"next_x":[-7.45153979567849,13.2395908323214,34.6157893879572,53.9864829041224,74.4709316265858,97.4838524615962],"next_y":[0.792426728675728,-6.42114502518132,-12.6894919387889,-17.366644020216,-21.2423682169003,-24.4854421493211],"steering_angle":-0.218166,"throttle":0.2}]
42["telemetry",{"ptsx":[-43.49173,-61.09,-78.29172,-93.05002,-107.7717,-123.3917],"ptsy":[105.941,92.88499,78.73102,65.34102,50.57938,33.37102],"psi_unity":3.668885,"psi":4.185097,"x":-49.3712,"y":98.39036,"steering_angle":-0.09519287,"throttle":0.2,"speed":10.10987}]
Cost 5032.96
mpc_xy: [( -10.1195, 0.18935)( -10.8664, -0.833895)( -11.7172, -1.7768)( -12.6633, -2.6286)( -13.6954, -3.37939)( -14.8027, -4.02023)( -15.9736, -4.54332)( -17.1958, -4.94201)( -18.4562, -5.21101)( -19.7409, -5.34637)( -21.0359, -5.34562)( -22.3267, -5.20776)( -23.5987, -4.93337)( -24.8373, -4.52456)( -26.0283, -3.98501)( -27.1576, -3.31997)( -28.2119, -2.53616)( -29.1784, -1.64178)( -30.0454, -0.646413)( -30.802, 0.439055)( -31.4385, 1.60256)( -31.9466, 2.83097)( -32.5864, 3.99979)( -33.3512, 5.09474)]
next_xy: [( -9.48358, 1.28143)( 10.6544, -7.35679)( 31.5417, -15.0998)( 50.5393, -21.1158)( 70.7038, -26.4099)( 93.4347, -31.2491)]
-10.1195
 0.18935
 4.08184
 10.1349
-0.49648
 4.51275
42["steer",{"mpc_x":[0.0,-10.1194828147118,-10.866410758638,-11.7171661755983,-12.6633380480707,-13.6953717343541,-14.8026547342751,-15.9736162143593,-17.1958395245462,-18.4561867629195,-19.740934274243,-21.035917804624,-22.3266858806608,-23.598659839243,-24.8372988059896,-26.0282678082799,-27.157607114997,-28.2119008213558,-29.1784426452551,-30.045396872993,-30.8019523882063,-31.4384677395548,-31.9466052507811,-32.5864187127972,-33.3512404925856],"mpc_y":[0.0,0.189349943970023,-0.833894767439783,-1.77680194556877,-2.62860278981425,-3.37938841607789,-4.02023408492325,-4.54331513367894,-4.94201306559276,-5.21101031524642,-5.3463722955667,-5.34561543767583,-5.20776006000909,-4.93336704682707,-4.52455747743055,-3.98501452474993,-3.31996713396535,-2.53615519660329,-1.64177615108773,-0.646413164712024,0.43905471805846,1.60255984282597,2.83096977624927,3.99979469338062,5.09473687802875],"next_x":[-9.48357832054233,10.6544330269703,31.5417296770532,50.5393074499247,70.7037923379316,93.4346964675492],"next_y":[1.28143440278449,-7.35679476067565,-15.0998481875052,-21.1157901464754,-26.4098837150989,-31.2491038319908],"steering_angle":-0.218166,"throttle":0.2}]
42["telemetry",{"ptsx":[-43.49173,-61.09,-78.29172,-93.05002,-107.7717,-123.3917],"ptsy":[105.941,92.88499,78.73102,65.34102,50.57938,33.37102],"psi_unity":3.606038,"psi":4.247943,"x":-50.25949,"y":96.56587,"steering_angle":-0.09519287,"throttle":0.2,"speed":10.29025}]
Cost 5862.08
mpc_xy: [( -11.9896, 0.701446)( -12.685, -0.384421)( -13.4926, -1.39358)( -14.4043, -2.31421)( -15.4105, -3.13532)( -16.5008, -3.84693)( -17.6632, -4.44018)( -18.885, -4.90746)( -20.1528, -5.24251)( -21.4522, -5.44054)( -22.7684, -5.49828)( -24.0864, -5.41406)( -25.3907, -5.18784)( -26.666, -4.82128)( -27.897, -4.31769)( -29.0688, -3.68206)( -30.1672, -2.92102)( -31.1785, -2.04276)( -32.0899, -1.05701)( -32.8898, 0.0251041)( -33.5677, 1.19116)( -34.1145, 2.42756)( -34.7958, 3.59885)( -35.6042, 4.69019)]
next_xy: [( -11.4135, 1.85147)( 8.14225, -8.03447)( 28.502, -17.0741)( 47.0843, -24.2713)( 66.8764, -30.8213)( 89.2585, -37.0786)]
 -11.9896
 0.701446
  4.14284
  10.3153
-0.572059
  4.63649
42["steer",{"mpc_x":[0.0,-11.9896480667472,-12.6849624477521,-13.4925666023742,-14.4042525222725,-15.4105384846348,-16.5007557672916,-17.6631510096783,-18.8850034246451,-20.1527558628742,-21.4521585334898,-22.7684239940278,-24.086391842983,-25.3907013813533,-26.6659703586039,-27.8969777858212,-29.0688486869408,-30.1672385700698,-31.1785153371303,-32.0899363131337,-32.8898180678881,-33.5676967240581,-34.1144764971564,-34.7957954197171,-35.6042224901565],"mpc_y":[0.0,0.701446058438301,-0.384420595211169,-1.39358488434741,-2.31421179185792,-3.13532158897401,-3.84692974126715,-4.44017831175732,-4.90745708647513,-5.24251271652461,-5.44054426278605,-5.49828364464828,-5.41405963203433,-5.18784417963192,-4.82128008249153,-4.31768913152188,-3.68206016409209,-2.92101663683377,-2.04276359242556,-1.05701414696417,0.0251041134425263,1.19116217212672,2.42756113577524,3.59884855714368,4.69019363585744],"next_x":[-11.413487273295,8.14224755825132,28.5020096718864,47.0842541271112,66.8764374633955,89.2585416818868],"next_y":[1.85147135998176,-8.03446508080348,-17.0740515976465,-24.2712531299275,-30.821318495625,-37.0785914353481],"steering_angle":-0.218166,"throttle":0.2}]
